3.000
12.000
14.000
-28.000
-5.000
-14.000
-17.000
2.000
18.000
-13.000
-4.000
6.000
28.000
6.000
1.000
-4.000
8.000
-14.000
-7.000
-14.000
-3.000
7.000
-26.000
-3.000
2.000
13.000
13.000
3.000
21.000
-5.000
-2.000
-4.000
31.000
3.000
5.000
-7.000
3.000
16.000
20.000
-19.000
-24.000
-20.000
-6.000
7.000
-20.000
10.000
-21.000
14.000
24.000
-3.000
23.000
17.000
20.000
-11.000
6.000
3.000
28.000
14.000
7.000
35.000
10.000
7.000
-3.000
-3.000
3.000
-8.000
-6.000
37.000
19.000
-28.000
-35.000
7.000
3.000
41.000
-22.000
4.000
-11.000
26.000
3.000
2.000
21.000
13.000
-7.000
-8.000
4.000
-24.000
59.000
-3.000
7.000
-11.000
35.000
-28.000
3.000
-30.000
10.000
-36.000
-28.000
-11.000
-38.000
16.000
-12.000
-7.000
-10.000
23.000
-21.000
24.000
21.000
-7.000
-12.000
4.000
-5.000
8.000
17.000
-13.000
23.000
8.000
14.000
-20.000
10.000
3.000
3.000
10.000
10.000
10.000
12.000
-1.000
-7.000
-4.000
-18.000
4.000
9.000
2.000
17.000
-2.000
-6.000
-5.000
24.000
10.000
-6.000
11.000
10.000
8.000
1.000
-16.000
-7.000
-2.000
1.000
1.000
6.000
3.000
3.000
26.000
3.000
-31.000
-8.000
-29.000
17.000
3.000
-4.000
-3.000
-22.000
17.000
20.000
3.000
17.000
9.000
-8.000
26.000
11.000
3.000
-10.000
3.000
29.000
17.000
3.000
21.000
-6.000
-27.000
10.000
8.000
10.000
10.000
5.000
-31.000
-3.000
-3.000
-7.000
13.000
7.000
3.000
1.000
13.000
7.000
-3.000
45.000
-7.000
27.000
12.000
-4.000
-6.000
20.000
10.000
-23.000
40.000
-21.000
-3.000
-7.000
15.000
-4.000
-7.000
24.000
-7.000
-7.000
-7.000
-3.000
14.000
1.000
-3.000
3.000
-1.000
3.000
-17.000
19.000
-33.000
-25.000
28.000
7.000
14.000
38.000
-7.000
-32.000
28.000
-3.000
3.000
3.000
21.000
14.000
-14.000
-17.000
6.000
23.000
13.000
6.000
24.000
-14.000
7.000
-6.000
37.000
37.000
-22.000
-10.000
-26.000
-20.000
-8.000
3.000
-4.000
5.000
3.000
-5.000
14.000
10.000
7.000
25.000
13.000
5.000
-4.000
6.000
-7.000
25.000
6.000
-1.000
7.000
-3.000
27.000
-4.000
-2.000
-8.000
-7.000
-3.000
34.000
-13.000
17.000
2.000
14.000
5.000
25.000
24.000
-3.000
-19.000
-13.000
-25.000
8.000
7.000
14.000
-3.000
14.000
-14.000
21.000
-25.000
-14.000
1.000
7.000
-8.000
3.000
-24.000
3.000
-3.000
-6.000
2.000
2.000
2.000
17.000
3.000
-7.000
-5.000
31.000
14.000
-27.000
-10.000
14.000
10.000
3.000
38.000
-17.000
-3.000
-10.000
-24.000
10.000
-7.000
8.000
-3.000
9.000
-3.000
3.000
3.000
18.000
4.000
8.000
14.000
-3.000
-25.000
-4.000
8.000
3.000
-3.000
-27.000
7.000
-1.000
3.000
22.000
-13.000
-3.000
3.000
1.000
18.000
12.000
-3.000
-45.000
4.000
-6.000
8.000
-18.000
-8.000
3.000
12.000
10.000
-9.000
8.000
10.000
-3.000
30.000
10.000
13.000
-3.000
16.000
20.000
-6.000
-3.000
3.000
6.000
-31.000
-34.000
2.000
3.000
38.000
-6.000
5.000
12.000
-6.000
6.000
7.000
14.000
15.000
2.000
20.000
-13.000
-18.000
3.000
-13.000
-31.000
-16.000
-24.000
3.000
-18.000
32.000
4.000
16.000
-28.000
15.000
-3.000
18.000
-17.000
-21.000
3.000
10.000
21.000
-21.000
-3.000
16.000
4.000
-3.000
20.000
-4.000
5.000
3.000
7.000
1.000
-18.000
-16.000
-3.000
-22.000
-21.000
10.000
24.000
-3.000
-11.000
4.000
24.000
-4.000
18.000
-4.000
-4.000
-15.000
-3.000
-13.000
17.000
-3.000
42.000
-2.000
-29.000
7.000
16.000
7.000
-1.000
4.000
-21.000
18.000
19.000
-4.000
30.000
31.000
-3.000
-6.000
-18.000
27.000
-14.000
-3.000
2.000
10.000
14.000
3.000
-7.000
7.000
-3.000
6.000
-16.000
-5.000
16.000
4.000
-26.000
24.000
1.000
4.000
-31.000
-10.000
20.000
23.000
8.000
-7.000
-3.000
1.000
-5.000
28.000
14.000
-3.000
-10.000
31.000
31.000
6.000
-32.000
17.000
3.000
-21.000
-1.000
-3.000
7.000
7.000
21.000
-10.000
-5.000
31.000
10.000
8.000
28.000
-10.000
27.000
2.000
-34.000
18.000
-7.000
-18.000
14.000
7.000
16.000
7.000
3.000
-14.000
-3.000
45.000
3.000
13.000
29.000
-8.000
1.000
-4.000
-7.000
17.000
24.000
-3.000
14.000
2.000
-10.000
4.000
12.000
6.000
7.000
3.000
1.000
3.000
-13.000
-3.000
-5.000
10.000
3.000
-30.000
-10.000
3.000
3.000
-3.000
2.000
3.000
-18.000
7.000
-4.000
-1.000
5.000
-7.000
-13.000
5.000
-4.000
-2.000
26.000
-12.000
10.000
17.000
7.000
21.000
-5.000
-4.000
-10.000
-11.000
24.000
-3.000
7.000
45.000
9.000
-5.000
-11.000
11.000
3.000
10.000
4.000
-7.000
-6.000
21.000
14.000
7.000
15.000
6.000
4.000
29.000
18.000
-3.000
6.000
-34.000
-7.000
13.000
-6.000
3.000
-12.000
-28.000
-6.000
27.000
55.000
5.000
3.000
10.000
17.000
-3.000
10.000
3.000
-35.000
23.000
8.000
10.000
-22.000
27.000
3.000
-16.000
18.000
-28.000
10.000
-8.000
11.000
-24.000
-14.000
-7.000
-4.000
-7.000
6.000
-3.000
-6.000
-7.000
37.000
-27.000
-28.000
-7.000
-14.000
-7.000
-4.000
24.000
-3.000
11.000
-1.000
5.000
7.000
-21.000
38.000
4.000
-6.000
6.000
27.000
4.000
7.000
-3.000
14.000
9.000
16.000
-17.000
11.000
-7.000
31.000
-12.000
1.000
10.000
4.000
3.000
-7.000
10.000
-3.000
-8.000
6.000
-6.000
5.000
-18.000
-3.000
-4.000
25.000
17.000
-15.000
-7.000
-6.000
20.000
-14.000
28.000
14.000
-19.000
7.000
-3.000
-3.000
6.000
26.000
7.000
-24.000
11.000
-7.000
30.000
27.000
-1.000
14.000
6.000
-8.000
-16.000
27.000
-5.000
2.000
3.000
27.000
-3.000
17.000
27.000
-16.000
-7.000
-7.000
14.000
-13.000
-24.000
-22.000
-15.000
5.000
-1.000
26.000
3.000
-18.000
20.000
17.000
3.000
26.000
3.000
6.000
6.000
-3.000
-15.000
-7.000
32.000
7.000
27.000
28.000
-13.000
-2.000
14.000
29.000
2.000
28.000
-8.000
-4.000
-1.000
6.000
17.000
24.000
4.000
-4.000
21.000
28.000
-7.000
-4.000
-12.000
3.000
-7.000
20.000
3.000
20.000
20.000
-21.000
4.000
-8.000
-1.000
-16.000
-8.000
4.000
6.000
12.000
31.000
-8.000
13.000
7.000
8.000
-2.000
3.000
1.000
18.000
7.000
-20.000
20.000
3.000
17.000
28.000
22.000
8.000
6.000
-29.000
6.000
17.000
11.000
3.000
-7.000
-3.000
-3.000
-10.000
-5.000
21.000
-24.000
-6.000
3.000
1.000
2.000
7.000
-24.000
24.000
-17.000
-7.000
2.000
6.000
-34.000
3.000
31.000
-17.000
1.000
-2.000
2.000
-16.000
14.000
-7.000
2.000
3.000
14.000
23.000
-4.000
-3.000
-4.000
-38.000
10.000
42.000
7.000
-6.000
3.000
3.000
28.000
26.000
10.000
-3.000
3.000
2.000
-3.000
1.000
-23.000
12.000
-18.000
-11.000
7.000
4.000
7.000
-5.000
-7.000
-10.000
30.000
4.000
-1.000
3.000
3.000
-7.000
6.000
-19.000
9.000
-21.000
1.000
-6.000
-38.000
-13.000
1.000
4.000
15.000
-10.000
-5.000
20.000
-21.000
18.000
-8.000
14.000
-17.000
-31.000
-8.000
-10.000
12.000
3.000
10.000
-10.000
-4.000
6.000
15.000
-17.000
-22.000
10.000
-34.000
6.000
35.000
18.000
4.000
10.000
21.000
-15.000
0.000
-7.000
3.000
5.000
25.000
-4.000
4.000
-6.000
3.000
-14.000
35.000
6.000
-22.000
-21.000
7.000
-3.000
25.000
-3.000
-7.000
-30.000
24.000
6.000
7.000
5.000
-8.000
18.000
-1.000
3.000
-3.000
-10.000
-14.000
28.000
-8.000
10.000
-6.000
9.000
3.000
1.000
6.000
-2.000
16.000
-7.000
-14.000
8.000
-3.000
-3.000
-7.000
5.000
1.000
-13.000
3.000
23.000
-10.000
4.000
-7.000
7.000
10.000
-2.000
-3.000
-1.000
14.000
25.000
58.000
7.000
28.000
-21.000
-8.000
34.000
41.000
-14.000
-17.000
21.000
-17.000
12.000
28.000
-24.000
-33.000
3.000
15.000
-7.000
4.000
-13.000
48.000
11.000
14.000
-3.000
-7.000
-7.000
-3.000
-7.000
-15.000
19.000
-17.000
22.000
-15.000
29.000
-10.000
19.000
28.000
6.000
14.000
12.000
18.000
35.000
10.000
-2.000
3.000
-5.000
-6.000
35.000
3.000
14.000
7.000
22.000
-2.000
-5.000
3.000
-13.000
10.000
4.000
-26.000
1.000
6.000
-7.000
3.000
6.000
5.000
-6.000
-3.000
3.000
7.000
8.000
1.000
1.000
18.000
6.000
-4.000
1.000
-3.000
4.000
-2.000
-18.000
10.000
26.000
10.000
-10.000
21.000
4.000
24.000
4.000
-4.000
7.000
20.000
24.000
3.000
-7.000
38.000
-20.000
28.000
-17.000
16.000
-24.000
3.000
11.000
8.000
-3.000
-34.000
24.000
7.000
-3.000
25.000
32.000
-10.000
9.000
-7.000
21.000
13.000
-8.000
7.000
13.000
6.000
-3.000
-15.000
14.000
-9.000
16.000
-3.000
10.000
31.000
-2.000
6.000
-2.000
-3.000
-14.000
-25.000
17.000
-25.000
-13.000
-11.000
16.000
7.000
3.000
12.000
15.000
10.000
-12.000
8.000
15.000
-3.000
18.000
-18.000
1.000
-2.000
3.000
-14.000
4.000
-14.000
3.000
6.000
16.000
-18.000
1.000
-32.000
6.000
10.000
18.000
-8.000
3.000
40.000
14.000
24.000
-13.000
-5.000
2.000
-10.000
24.000
4.000
6.000
-7.000
6.000
-29.000
3.000
6.000
24.000
-3.000
-7.000
7.000
-23.000
3.000
-2.000
-14.000
-30.000
4.000
13.000
-2.000
-1.000
3.000
-8.000
32.000
3.000
-3.000
23.000
3.000
21.000
-5.000
-13.000
4.000
8.000
10.000
13.000
10.000
3.000
21.000
14.000
4.000
-4.000
16.000
-16.000
-3.000
0.000
-7.000
-3.000
-4.000
21.000
29.000
-4.000
-3.000
3.000
-21.000
30.000
7.000
2.000
21.000
-4.000
8.000
-7.000
3.000
-20.000
3.000
-3.000
10.000
-3.000
-7.000
-7.000
27.000
7.000
3.000
14.000
1.000
10.000
18.000
14.000
-6.000
21.000
-35.000
23.000
20.000
23.000
2.000
1.000
17.000
-7.000
1.000
-7.000
22.000
-7.000
4.000
18.000
-23.000
11.000
-19.000
-3.000
10.000
-25.000
-1.000
10.000
-2.000
19.000
4.000
28.000
-24.000
-4.000
-16.000
11.000
43.000
10.000
-1.000
-3.000
-7.000
-7.000
13.000
-34.000
10.000
-1.000
-5.000
17.000
-2.000
20.000
-13.000
1.000
14.000
25.000
14.000
13.000
6.000
-3.000
-20.000
3.000
18.000
20.000
3.000
-7.000
-3.000
11.000
-16.000
13.000
5.000
17.000
3.000
-28.000
-11.000
-6.000
7.000
21.000
1.000
20.000
19.000
17.000
14.000
2.000
-23.000
-11.000
-16.000
31.000
9.000
-2.000
7.000
7.000
-16.000
-8.000
-3.000
42.000
-12.000
26.000
-2.000
12.000
-27.000
7.000
11.000
13.000
3.000
-3.000
9.000
-19.000
6.000
-18.000
-8.000
-31.000
28.000
-21.000
6.000
24.000
13.000
-7.000
-24.000
-3.000
19.000
5.000
21.000
27.000
32.000
7.000
3.000
-3.000
7.000
-8.000
6.000
10.000
6.000
-1.000
21.000
31.000
5.000
26.000
-10.000
-5.000
-14.000
-15.000
0.000
21.000
-3.000
-14.000
-14.000
-31.000
2.000
-3.000
10.000
-7.000
27.000
-14.000
2.000
22.000
1.000
-13.000
1.000
21.000
27.000
18.000
2.000
2.000
-3.000
10.000
-11.000
25.000
7.000
14.000
-1.000
-4.000
3.000
-14.000
27.000
28.000
-20.000
-6.000
-14.000
4.000
10.000
17.000
21.000
-3.000
-18.000
10.000
5.000
-11.000
-10.000
14.000
37.000
3.000
-3.000
22.000
6.000
20.000
-16.000
-21.000
14.000
-4.000
4.000
-14.000
-3.000
7.000
-10.000
-24.000
17.000
21.000
41.000
24.000
13.000
-2.000
8.000
-16.000
33.000
4.000
-17.000
-6.000
15.000
-20.000
7.000
8.000
-22.000
-3.000
4.000
-2.000
35.000
8.000
-9.000
20.000
-3.000
25.000
19.000
3.000
16.000
3.000
4.000
-3.000
-7.000
17.000
-23.000
-16.000
-1.000
16.000
24.000
22.000
1.000
18.000
-3.000
52.000
-1.000
11.000
5.000
-13.000
-3.000
-13.000
-21.000
-1.000
17.000
-14.000
-15.000
6.000
-31.000
-29.000
-24.000
3.000
7.000
11.000
-10.000
-9.000
6.000
-6.000
-7.000
8.000
8.000
2.000
-30.000
2.000
7.000
18.000
28.000
11.000
-12.000
-5.000
10.000
-11.000
-16.000
8.000
3.000
-3.000
4.000
-6.000
12.000
2.000
-16.000
-1.000
8.000
-17.000
-10.000
35.000
2.000
-29.000
9.000
-31.000
10.000
10.000
6.000
12.000
-13.000
4.000
-8.000
-8.000
10.000
-3.000
-17.000
-27.000
33.000
3.000
14.000
